13
64 BREW 0 0 -2 -3 18 0 0 0 0
76 BREW -1 -1 -3 -1 18 0 0 0 0
53 BREW 0 0 -4 0 12 0 0 0 0
69 BREW -2 -2 -2 0 13 0 0 0 0
74 BREW -3 -1 -1 -1 14 0 0 0 0
82 CAST 2 0 0 0 0 -1 -1 1 0
83 CAST -1 1 0 0 0 -1 -1 1 0
84 CAST 0 -1 1 0 0 -1 -1 1 0
85 CAST 0 0 -1 1 0 -1 -1 1 0
78 OPPONENT_CAST 2 0 0 0 0 -1 -1 1 0
79 OPPONENT_CAST -1 1 0 0 0 -1 -1 1 0
80 OPPONENT_CAST 0 -1 1 0 0 -1 -1 1 0
81 OPPONENT_CAST 0 0 -1 1 0 -1 -1 1 0
3 0 0 0 0
3 0 0 0 0
13
64 BREW 0 0 -2 -3 18 0 0 0 0
76 BREW -1 -1 -3 -1 18 0 0 0 0
53 BREW 0 0 -4 0 12 0 0 0 0
69 BREW -2 -2 -2 0 13 0 0 0 0
74 BREW -3 -1 -1 -1 14 0 0 0 0
82 CAST 2 0 0 0 0 -1 -1 1 0
83 CAST -1 1 0 0 0 -1 -1 0 0
84 CAST 0 -1 1 0 0 -1 -1 1 0
85 CAST 0 0 -1 1 0 -1 -1 1 0
78 OPPONENT_CAST 2 0 0 0 0 -1 -1 1 0
79 OPPONENT_CAST -1 1 0 0 0 -1 -1 1 0
80 OPPONENT_CAST 0 -1 1 0 0 -1 -1 1 0
81 OPPONENT_CAST 0 0 -1 1 0 -1 -1 1 0
2 1 0 0 0
3 0 0 0 0
13
64 BREW 0 0 -2 -3 18 0 0 0 0
76 BREW -1 -1 -3 -1 18 0 0 0 0
53 BREW 0 0 -4 0 12 0 0 0 0
69 BREW -2 -2 -2 0 13 0 0 0 0
74 BREW -3 -1 -1 -1 14 0 0 0 0
82 CAST 2 0 0 0 0 -1 -1 1 0
83 CAST -1 1 0 0 0 -1 -1 0 0
84 CAST 0 -1 1 0 0 -1 -1 0 0
85 CAST 0 0 -1 1 0 -1 -1 1 0
78 OPPONENT_CAST 2 0 0 0 0 -1 -1 1 0
79 OPPONENT_CAST -1 1 0 0 0 -1 -1 1 0
80 OPPONENT_CAST 0 -1 1 0 0 -1 -1 1 0
81 OPPONENT_CAST 0 0 -1 1 0 -1 -1 1 0
2 0 1 0 0
3 0 0 0 0
13
64 BREW 0 0 -2 -3 18 0 0 0 0
76 BREW -1 -1 -3 -1 18 0 0 0 0
53 BREW 0 0 -4 0 12 0 0 0 0
69 BREW -2 -2 -2 0 13 0 0 0 0
74 BREW -3 -1 -1 -1 14 0 0 0 0
82 CAST 2 0 0 0 0 -1 -1 1 0
83 CAST -1 1 0 0 0 -1 -1 1 0
84 CAST 0 -1 1 0 0 -1 -1 1 0
85 CAST 0 0 -1 1 0 -1 -1 1 0
78 OPPONENT_CAST 2 0 0 0 0 -1 -1 1 0
79 OPPONENT_CAST -1 1 0 0 0 -1 -1 1 0
80 OPPONENT_CAST 0 -1 1 0 0 -1 -1 1 0
81 OPPONENT_CAST 0 0 -1 1 0 -1 -1 1 0
2 0 1 0 0
3 0 0 0 0
13
64 BREW 0 0 -2 -3 18 0 0 0 0
76 BREW -1 -1 -3 -1 18 0 0 0 0
53 BREW 0 0 -4 0 12 0 0 0 0
69 BREW -2 -2 -2 0 13 0 0 0 0
74 BREW -3 -1 -1 -1 14 0 0 0 0
82 CAST 2 0 0 0 0 -1 -1 1 0
83 CAST -1 1 0 0 0 -1 -1 0 0
84 CAST 0 -1 1 0 0 -1 -1 1 0
85 CAST 0 0 -1 1 0 -1 -1 1 0
78 OPPONENT_CAST 2 0 0 0 0 -1 -1 1 0
79 OPPONENT_CAST -1 1 0 0 0 -1 -1 1 0
80 OPPONENT_CAST 0 -1 1 0 0 -1 -1 1 0
81 OPPONENT_CAST 0 0 -1 1 0 -1 -1 1 0
1 1 1 0 0
3 0 0 0 0
13
64 BREW 0 0 -2 -3 18 0 0 0 0
76 BREW -1 -1 -3 -1 18 0 0 0 0
53 BREW 0 0 -4 0 12 0 0 0 0
69 BREW -2 -2 -2 0 13 0 0 0 0
74 BREW -3 -1 -1 -1 14 0 0 0 0
82 CAST 2 0 0 0 0 -1 -1 1 0
83 CAST -1 1 0 0 0 -1 -1 0 0
84 CAST 0 -1 1 0 0 -1 -1 0 0
85 CAST 0 0 -1 1 0 -1 -1 1 0
78 OPPONENT_CAST 2 0 0 0 0 -1 -1 1 0
79 OPPONENT_CAST -1 1 0 0 0 -1 -1 1 0
80 OPPONENT_CAST 0 -1 1 0 0 -1 -1 1 0
81 OPPONENT_CAST 0 0 -1 1 0 -1 -1 1 0
1 0 2 0 0
3 0 0 0 0
13
64 BREW 0 0 -2 -3 18 0 0 0 0
76 BREW -1 -1 -3 -1 18 0 0 0 0
53 BREW 0 0 -4 0 12 0 0 0 0
69 BREW -2 -2 -2 0 13 0 0 0 0
74 BREW -3 -1 -1 -1 14 0 0 0 0
82 CAST 2 0 0 0 0 -1 -1 1 0
83 CAST -1 1 0 0 0 -1 -1 0 0
84 CAST 0 -1 1 0 0 -1 -1 0 0
85 CAST 0 0 -1 1 0 -1 -1 0 0
78 OPPONENT_CAST 2 0 0 0 0 -1 -1 1 0
79 OPPONENT_CAST -1 1 0 0 0 -1 -1 1 0
80 OPPONENT_CAST 0 -1 1 0 0 -1 -1 1 0
81 OPPONENT_CAST 0 0 -1 1 0 -1 -1 1 0
1 0 1 1 0
3 0 0 0 0
13
64 BREW 0 0 -2 -3 18 0 0 0 0
76 BREW -1 -1 -3 -1 18 0 0 0 0
53 BREW 0 0 -4 0 12 0 0 0 0
69 BREW -2 -2 -2 0 13 0 0 0 0
74 BREW -3 -1 -1 -1 14 0 0 0 0
82 CAST 2 0 0 0 0 -1 -1 1 0
83 CAST -1 1 0 0 0 -1 -1 1 0
84 CAST 0 -1 1 0 0 -1 -1 1 0
85 CAST 0 0 -1 1 0 -1 -1 1 0
78 OPPONENT_CAST 2 0 0 0 0 -1 -1 1 0
79 OPPONENT_CAST -1 1 0 0 0 -1 -1 1 0
80 OPPONENT_CAST 0 -1 1 0 0 -1 -1 1 0
81 OPPONENT_CAST 0 0 -1 1 0 -1 -1 1 0
1 0 1 1 0
3 0 0 0 0
13
64 BREW 0 0 -2 -3 18 0 0 0 0
76 BREW -1 -1 -3 -1 18 0 0 0 0
53 BREW 0 0 -4 0 12 0 0 0 0
69 BREW -2 -2 -2 0 13 0 0 0 0
74 BREW -3 -1 -1 -1 14 0 0 0 0
82 CAST 2 0 0 0 0 -1 -1 1 0
83 CAST -1 1 0 0 0 -1 -1 0 0
84 CAST 0 -1 1 0 0 -1 -1 1 0
85 CAST 0 0 -1 1 0 -1 -1 1 0
78 OPPONENT_CAST 2 0 0 0 0 -1 -1 1 0
79 OPPONENT_CAST -1 1 0 0 0 -1 -1 1 0
80 OPPONENT_CAST 0 -1 1 0 0 -1 -1 1 0
81 OPPONENT_CAST 0 0 -1 1 0 -1 -1 1 0
0 1 1 1 0
3 0 0 0 0
13
64 BREW 0 0 -2 -3 18 0 0 0 0
76 BREW -1 -1 -3 -1 18 0 0 0 0
53 BREW 0 0 -4 0 12 0 0 0 0
69 BREW -2 -2 -2 0 13 0 0 0 0
74 BREW -3 -1 -1 -1 14 0 0 0 0
82 CAST 2 0 0 0 0 -1 -1 1 0
83 CAST -1 1 0 0 0 -1 -1 0 0
84 CAST 0 -1 1 0 0 -1 -1 0 0
85 CAST 0 0 -1 1 0 -1 -1 1 0
78 OPPONENT_CAST 2 0 0 0 0 -1 -1 1 0
79 OPPONENT_CAST -1 1 0 0 0 -1 -1 1 0
80 OPPONENT_CAST 0 -1 1 0 0 -1 -1 1 0
81 OPPONENT_CAST 0 0 -1 1 0 -1 -1 1 0
0 0 2 1 0
3 0 0 0 0
13
64 BREW 0 0 -2 -3 18 0 0 0 0
76 BREW -1 -1 -3 -1 18 0 0 0 0
53 BREW 0 0 -4 0 12 0 0 0 0
69 BREW -2 -2 -2 0 13 0 0 0 0
74 BREW -3 -1 -1 -1 14 0 0 0 0
82 CAST 2 0 0 0 0 -1 -1 1 0
83 CAST -1 1 0 0 0 -1 -1 0 0
84 CAST 0 -1 1 0 0 -1 -1 0 0
85 CAST 0 0 -1 1 0 -1 -1 0 0
78 OPPONENT_CAST 2 0 0 0 0 -1 -1 1 0
79 OPPONENT_CAST -1 1 0 0 0 -1 -1 1 0
80 OPPONENT_CAST 0 -1 1 0 0 -1 -1 1 0
81 OPPONENT_CAST 0 0 -1 1 0 -1 -1 1 0
0 0 1 2 0
3 0 0 0 0
13
64 BREW 0 0 -2 -3 18 0 0 0 0
76 BREW -1 -1 -3 -1 18 0 0 0 0
53 BREW 0 0 -4 0 12 0 0 0 0
69 BREW -2 -2 -2 0 13 0 0 0 0
74 BREW -3 -1 -1 -1 14 0 0 0 0
82 CAST 2 0 0 0 0 -1 -1 0 0
83 CAST -1 1 0 0 0 -1 -1 0 0
84 CAST 0 -1 1 0 0 -1 -1 0 0
85 CAST 0 0 -1 1 0 -1 -1 0 0
78 OPPONENT_CAST 2 0 0 0 0 -1 -1 1 0
79 OPPONENT_CAST -1 1 0 0 0 -1 -1 1 0
80 OPPONENT_CAST 0 -1 1 0 0 -1 -1 1 0
81 OPPONENT_CAST 0 0 -1 1 0 -1 -1 1 0
2 0 1 2 0
3 0 0 0 0
13
64 BREW 0 0 -2 -3 18 0 0 0 0
76 BREW -1 -1 -3 -1 18 0 0 0 0
53 BREW 0 0 -4 0 12 0 0 0 0
69 BREW -2 -2 -2 0 13 0 0 0 0
74 BREW -3 -1 -1 -1 14 0 0 0 0
82 CAST 2 0 0 0 0 -1 -1 1 0
83 CAST -1 1 0 0 0 -1 -1 1 0
84 CAST 0 -1 1 0 0 -1 -1 1 0
85 CAST 0 0 -1 1 0 -1 -1 1 0
78 OPPONENT_CAST 2 0 0 0 0 -1 -1 1 0
79 OPPONENT_CAST -1 1 0 0 0 -1 -1 1 0
80 OPPONENT_CAST 0 -1 1 0 0 -1 -1 1 0
81 OPPONENT_CAST 0 0 -1 1 0 -1 -1 1 0
2 0 1 2 0
3 0 0 0 0
13
64 BREW 0 0 -2 -3 18 0 0 0 0
76 BREW -1 -1 -3 -1 18 0 0 0 0
53 BREW 0 0 -4 0 12 0 0 0 0
69 BREW -2 -2 -2 0 13 0 0 0 0
74 BREW -3 -1 -1 -1 14 0 0 0 0
82 CAST 2 0 0 0 0 -1 -1 1 0
83 CAST -1 1 0 0 0 -1 -1 0 0
84 CAST 0 -1 1 0 0 -1 -1 1 0
85 CAST 0 0 -1 1 0 -1 -1 1 0
78 OPPONENT_CAST 2 0 0 0 0 -1 -1 1 0
79 OPPONENT_CAST -1 1 0 0 0 -1 -1 1 0
80 OPPONENT_CAST 0 -1 1 0 0 -1 -1 1 0
81 OPPONENT_CAST 0 0 -1 1 0 -1 -1 1 0
1 1 1 2 0
3 0 0 0 0
13
64 BREW 0 0 -2 -3 18 0 0 0 0
76 BREW -1 -1 -3 -1 18 0 0 0 0
53 BREW 0 0 -4 0 12 0 0 0 0
69 BREW -2 -2 -2 0 13 0 0 0 0
74 BREW -3 -1 -1 -1 14 0 0 0 0
82 CAST 2 0 0 0 0 -1 -1 1 0
83 CAST -1 1 0 0 0 -1 -1 0 0
84 CAST 0 -1 1 0 0 -1 -1 0 0
85 CAST 0 0 -1 1 0 -1 -1 1 0
78 OPPONENT_CAST 2 0 0 0 0 -1 -1 1 0
79 OPPONENT_CAST -1 1 0 0 0 -1 -1 1 0
80 OPPONENT_CAST 0 -1 1 0 0 -1 -1 1 0
81 OPPONENT_CAST 0 0 -1 1 0 -1 -1 1 0
1 0 2 2 0
3 0 0 0 0
13
64 BREW 0 0 -2 -3 18 0 0 0 0
76 BREW -1 -1 -3 -1 18 0 0 0 0
53 BREW 0 0 -4 0 12 0 0 0 0
69 BREW -2 -2 -2 0 13 0 0 0 0
74 BREW -3 -1 -1 -1 14 0 0 0 0
82 CAST 2 0 0 0 0 -1 -1 1 0
83 CAST -1 1 0 0 0 -1 -1 0 0
84 CAST 0 -1 1 0 0 -1 -1 0 0
85 CAST 0 0 -1 1 0 -1 -1 0 0
78 OPPONENT_CAST 2 0 0 0 0 -1 -1 1 0
79 OPPONENT_CAST -1 1 0 0 0 -1 -1 1 0
80 OPPONENT_CAST 0 -1 1 0 0 -1 -1 1 0
81 OPPONENT_CAST 0 0 -1 1 0 -1 -1 1 0
1 0 1 3 0
3 0 0 0 0
13
64 BREW 0 0 -2 -3 18 0 0 0 0
76 BREW -1 -1 -3 -1 18 0 0 0 0
53 BREW 0 0 -4 0 12 0 0 0 0
69 BREW -2 -2 -2 0 13 0 0 0 0
74 BREW -3 -1 -1 -1 14 0 0 0 0
82 CAST 2 0 0 0 0 -1 -1 1 0
83 CAST -1 1 0 0 0 -1 -1 1 0
84 CAST 0 -1 1 0 0 -1 -1 1 0
85 CAST 0 0 -1 1 0 -1 -1 1 0
78 OPPONENT_CAST 2 0 0 0 0 -1 -1 1 0
79 OPPONENT_CAST -1 1 0 0 0 -1 -1 1 0
80 OPPONENT_CAST 0 -1 1 0 0 -1 -1 1 0
81 OPPONENT_CAST 0 0 -1 1 0 -1 -1 1 0
1 0 1 3 0
3 0 0 0 0
13
64 BREW 0 0 -2 -3 18 0 0 0 0
76 BREW -1 -1 -3 -1 18 0 0 0 0
53 BREW 0 0 -4 0 12 0 0 0 0
69 BREW -2 -2 -2 0 13 0 0 0 0
74 BREW -3 -1 -1 -1 14 0 0 0 0
82 CAST 2 0 0 0 0 -1 -1 1 0
83 CAST -1 1 0 0 0 -1 -1 0 0
84 CAST 0 -1 1 0 0 -1 -1 1 0
85 CAST 0 0 -1 1 0 -1 -1 1 0
78 OPPONENT_CAST 2 0 0 0 0 -1 -1 1 0
79 OPPONENT_CAST -1 1 0 0 0 -1 -1 1 0
80 OPPONENT_CAST 0 -1 1 0 0 -1 -1 1 0
81 OPPONENT_CAST 0 0 -1 1 0 -1 -1 1 0
0 1 1 3 0
3 0 0 0 0
13
64 BREW 0 0 -2 -3 18 0 0 0 0
76 BREW -1 -1 -3 -1 18 0 0 0 0
53 BREW 0 0 -4 0 12 0 0 0 0
69 BREW -2 -2 -2 0 13 0 0 0 0
74 BREW -3 -1 -1 -1 14 0 0 0 0
82 CAST 2 0 0 0 0 -1 -1 1 0
83 CAST -1 1 0 0 0 -1 -1 0 0
84 CAST 0 -1 1 0 0 -1 -1 0 0
85 CAST 0 0 -1 1 0 -1 -1 1 0
78 OPPONENT_CAST 2 0 0 0 0 -1 -1 1 0
79 OPPONENT_CAST -1 1 0 0 0 -1 -1 1 0
80 OPPONENT_CAST 0 -1 1 0 0 -1 -1 1 0
81 OPPONENT_CAST 0 0 -1 1 0 -1 -1 1 0
0 0 2 3 0
3 0 0 0 0
13
76 BREW -1 -1 -3 -1 18 0 0 0 0
53 BREW 0 0 -4 0 12 0 0 0 0
69 BREW -2 -2 -2 0 13 0 0 0 0
74 BREW -3 -1 -1 -1 14 0 0 0 0
73 BREW -1 -1 -1 -1 12 0 0 0 0
82 CAST 2 0 0 0 0 -1 -1 1 0
83 CAST -1 1 0 0 0 -1 -1 0 0
84 CAST 0 -1 1 0 0 -1 -1 0 0
85 CAST 0 0 -1 1 0 -1 -1 1 0
78 OPPONENT_CAST 2 0 0 0 0 -1 -1 1 0
79 OPPONENT_CAST -1 1 0 0 0 -1 -1 1 0
80 OPPONENT_CAST 0 -1 1 0 0 -1 -1 1 0
81 OPPONENT_CAST 0 0 -1 1 0 -1 -1 1 0
0 0 0 0 18
3 0 0 0 0
13
76 BREW -1 -1 -3 -1 18 0 0 0 0
53 BREW 0 0 -4 0 12 0 0 0 0
69 BREW -2 -2 -2 0 13 0 0 0 0
74 BREW -3 -1 -1 -1 14 0 0 0 0
73 BREW -1 -1 -1 -1 12 0 0 0 0
82 CAST 2 0 0 0 0 -1 -1 0 0
83 CAST -1 1 0 0 0 -1 -1 0 0
84 CAST 0 -1 1 0 0 -1 -1 0 0
85 CAST 0 0 -1 1 0 -1 -1 1 0
78 OPPONENT_CAST 2 0 0 0 0 -1 -1 1 0
79 OPPONENT_CAST -1 1 0 0 0 -1 -1 1 0
80 OPPONENT_CAST 0 -1 1 0 0 -1 -1 1 0
81 OPPONENT_CAST 0 0 -1 1 0 -1 -1 1 0
2 0 0 0 18
3 0 0 0 0
13
76 BREW -1 -1 -3 -1 18 0 0 0 0
53 BREW 0 0 -4 0 12 0 0 0 0
69 BREW -2 -2 -2 0 13 0 0 0 0
74 BREW -3 -1 -1 -1 14 0 0 0 0
73 BREW -1 -1 -1 -1 12 0 0 0 0
82 CAST 2 0 0 0 0 -1 -1 1 0
83 CAST -1 1 0 0 0 -1 -1 1 0
84 CAST 0 -1 1 0 0 -1 -1 1 0
85 CAST 0 0 -1 1 0 -1 -1 1 0
78 OPPONENT_CAST 2 0 0 0 0 -1 -1 1 0
79 OPPONENT_CAST -1 1 0 0 0 -1 -1 1 0
80 OPPONENT_CAST 0 -1 1 0 0 -1 -1 1 0
81 OPPONENT_CAST 0 0 -1 1 0 -1 -1 1 0
2 0 0 0 18
3 0 0 0 0
13
76 BREW -1 -1 -3 -1 18 0 0 0 0
53 BREW 0 0 -4 0 12 0 0 0 0
69 BREW -2 -2 -2 0 13 0 0 0 0
74 BREW -3 -1 -1 -1 14 0 0 0 0
73 BREW -1 -1 -1 -1 12 0 0 0 0
82 CAST 2 0 0 0 0 -1 -1 1 0
83 CAST -1 1 0 0 0 -1 -1 0 0
84 CAST 0 -1 1 0 0 -1 -1 1 0
85 CAST 0 0 -1 1 0 -1 -1 1 0
78 OPPONENT_CAST 2 0 0 0 0 -1 -1 1 0
79 OPPONENT_CAST -1 1 0 0 0 -1 -1 1 0
80 OPPONENT_CAST 0 -1 1 0 0 -1 -1 1 0
81 OPPONENT_CAST 0 0 -1 1 0 -1 -1 1 0
1 1 0 0 18
3 0 0 0 0
13
76 BREW -1 -1 -3 -1 18 0 0 0 0
53 BREW 0 0 -4 0 12 0 0 0 0
69 BREW -2 -2 -2 0 13 0 0 0 0
74 BREW -3 -1 -1 -1 14 0 0 0 0
73 BREW -1 -1 -1 -1 12 0 0 0 0
82 CAST 2 0 0 0 0 -1 -1 1 0
83 CAST -1 1 0 0 0 -1 -1 0 0
84 CAST 0 -1 1 0 0 -1 -1 0 0
85 CAST 0 0 -1 1 0 -1 -1 1 0
78 OPPONENT_CAST 2 0 0 0 0 -1 -1 1 0
79 OPPONENT_CAST -1 1 0 0 0 -1 -1 1 0
80 OPPONENT_CAST 0 -1 1 0 0 -1 -1 1 0
81 OPPONENT_CAST 0 0 -1 1 0 -1 -1 1 0
1 0 1 0 18
3 0 0 0 0
13
76 BREW -1 -1 -3 -1 18 0 0 0 0
53 BREW 0 0 -4 0 12 0 0 0 0
69 BREW -2 -2 -2 0 13 0 0 0 0
74 BREW -3 -1 -1 -1 14 0 0 0 0
73 BREW -1 -1 -1 -1 12 0 0 0 0
82 CAST 2 0 0 0 0 -1 -1 1 0
83 CAST -1 1 0 0 0 -1 -1 1 0
84 CAST 0 -1 1 0 0 -1 -1 1 0
85 CAST 0 0 -1 1 0 -1 -1 1 0
78 OPPONENT_CAST 2 0 0 0 0 -1 -1 1 0
79 OPPONENT_CAST -1 1 0 0 0 -1 -1 1 0
80 OPPONENT_CAST 0 -1 1 0 0 -1 -1 1 0
81 OPPONENT_CAST 0 0 -1 1 0 -1 -1 1 0
1 0 1 0 18
3 0 0 0 0
13
76 BREW -1 -1 -3 -1 18 0 0 0 0
53 BREW 0 0 -4 0 12 0 0 0 0
69 BREW -2 -2 -2 0 13 0 0 0 0
74 BREW -3 -1 -1 -1 14 0 0 0 0
73 BREW -1 -1 -1 -1 12 0 0 0 0
82 CAST 2 0 0 0 0 -1 -1 1 0
83 CAST -1 1 0 0 0 -1 -1 0 0
84 CAST 0 -1 1 0 0 -1 -1 1 0
85 CAST 0 0 -1 1 0 -1 -1 1 0
78 OPPONENT_CAST 2 0 0 0 0 -1 -1 1 0
79 OPPONENT_CAST -1 1 0 0 0 -1 -1 1 0
80 OPPONENT_CAST 0 -1 1 0 0 -1 -1 1 0
81 OPPONENT_CAST 0 0 -1 1 0 -1 -1 1 0
0 1 1 0 18
3 0 0 0 0
13
76 BREW -1 -1 -3 -1 18 0 0 0 0
53 BREW 0 0 -4 0 12 0 0 0 0
69 BREW -2 -2 -2 0 13 0 0 0 0
74 BREW -3 -1 -1 -1 14 0 0 0 0
73 BREW -1 -1 -1 -1 12 0 0 0 0
82 CAST 2 0 0 0 0 -1 -1 1 0
83 CAST -1 1 0 0 0 -1 -1 0 0
84 CAST 0 -1 1 0 0 -1 -1 0 0
85 CAST 0 0 -1 1 0 -1 -1 1 0
78 OPPONENT_CAST 2 0 0 0 0 -1 -1 1 0
79 OPPONENT_CAST -1 1 0 0 0 -1 -1 1 0
80 OPPONENT_CAST 0 -1 1 0 0 -1 -1 1 0
81 OPPONENT_CAST 0 0 -1 1 0 -1 -1 1 0
0 0 2 0 18
3 0 0 0 0
13
76 BREW -1 -1 -3 -1 18 0 0 0 0
53 BREW 0 0 -4 0 12 0 0 0 0
69 BREW -2 -2 -2 0 13 0 0 0 0
74 BREW -3 -1 -1 -1 14 0 0 0 0
73 BREW -1 -1 -1 -1 12 0 0 0 0
82 CAST 2 0 0 0 0 -1 -1 0 0
83 CAST -1 1 0 0 0 -1 -1 0 0
84 CAST 0 -1 1 0 0 -1 -1 0 0
85 CAST 0 0 -1 1 0 -1 -1 1 0
78 OPPONENT_CAST 2 0 0 0 0 -1 -1 1 0
79 OPPONENT_CAST -1 1 0 0 0 -1 -1 1 0
80 OPPONENT_CAST 0 -1 1 0 0 -1 -1 1 0
81 OPPONENT_CAST 0 0 -1 1 0 -1 -1 1 0
2 0 2 0 18
3 0 0 0 0
13
76 BREW -1 -1 -3 -1 18 0 0 0 0
53 BREW 0 0 -4 0 12 0 0 0 0
69 BREW -2 -2 -2 0 13 0 0 0 0
74 BREW -3 -1 -1 -1 14 0 0 0 0
73 BREW -1 -1 -1 -1 12 0 0 0 0
82 CAST 2 0 0 0 0 -1 -1 1 0
83 CAST -1 1 0 0 0 -1 -1 1 0
84 CAST 0 -1 1 0 0 -1 -1 1 0
85 CAST 0 0 -1 1 0 -1 -1 1 0
78 OPPONENT_CAST 2 0 0 0 0 -1 -1 1 0
79 OPPONENT_CAST -1 1 0 0 0 -1 -1 1 0
80 OPPONENT_CAST 0 -1 1 0 0 -1 -1 1 0
81 OPPONENT_CAST 0 0 -1 1 0 -1 -1 1 0
2 0 2 0 18
3 0 0 0 0
13
76 BREW -1 -1 -3 -1 18 0 0 0 0
53 BREW 0 0 -4 0 12 0 0 0 0
69 BREW -2 -2 -2 0 13 0 0 0 0
74 BREW -3 -1 -1 -1 14 0 0 0 0
73 BREW -1 -1 -1 -1 12 0 0 0 0
82 CAST 2 0 0 0 0 -1 -1 1 0
83 CAST -1 1 0 0 0 -1 -1 0 0
84 CAST 0 -1 1 0 0 -1 -1 1 0
85 CAST 0 0 -1 1 0 -1 -1 1 0
78 OPPONENT_CAST 2 0 0 0 0 -1 -1 1 0
79 OPPONENT_CAST -1 1 0 0 0 -1 -1 1 0
80 OPPONENT_CAST 0 -1 1 0 0 -1 -1 1 0
81 OPPONENT_CAST 0 0 -1 1 0 -1 -1 1 0
1 1 2 0 18
3 0 0 0 0
13
76 BREW -1 -1 -3 -1 18 0 0 0 0
53 BREW 0 0 -4 0 12 0 0 0 0
69 BREW -2 -2 -2 0 13 0 0 0 0
74 BREW -3 -1 -1 -1 14 0 0 0 0
73 BREW -1 -1 -1 -1 12 0 0 0 0
82 CAST 2 0 0 0 0 -1 -1 1 0
83 CAST -1 1 0 0 0 -1 -1 0 0
84 CAST 0 -1 1 0 0 -1 -1 0 0
85 CAST 0 0 -1 1 0 -1 -1 1 0
78 OPPONENT_CAST 2 0 0 0 0 -1 -1 1 0
79 OPPONENT_CAST -1 1 0 0 0 -1 -1 1 0
80 OPPONENT_CAST 0 -1 1 0 0 -1 -1 1 0
81 OPPONENT_CAST 0 0 -1 1 0 -1 -1 1 0
1 0 3 0 18
3 0 0 0 0
13
76 BREW -1 -1 -3 -1 18 0 0 0 0
53 BREW 0 0 -4 0 12 0 0 0 0
69 BREW -2 -2 -2 0 13 0 0 0 0
74 BREW -3 -1 -1 -1 14 0 0 0 0
73 BREW -1 -1 -1 -1 12 0 0 0 0
82 CAST 2 0 0 0 0 -1 -1 1 0
83 CAST -1 1 0 0 0 -1 -1 0 0
84 CAST 0 -1 1 0 0 -1 -1 0 0
85 CAST 0 0 -1 1 0 -1 -1 0 0
78 OPPONENT_CAST 2 0 0 0 0 -1 -1 1 0
79 OPPONENT_CAST -1 1 0 0 0 -1 -1 1 0
80 OPPONENT_CAST 0 -1 1 0 0 -1 -1 1 0
81 OPPONENT_CAST 0 0 -1 1 0 -1 -1 1 0
1 0 2 1 18
3 0 0 0 0
13
76 BREW -1 -1 -3 -1 18 0 0 0 0
53 BREW 0 0 -4 0 12 0 0 0 0
69 BREW -2 -2 -2 0 13 0 0 0 0
74 BREW -3 -1 -1 -1 14 0 0 0 0
73 BREW -1 -1 -1 -1 12 0 0 0 0
82 CAST 2 0 0 0 0 -1 -1 1 0
83 CAST -1 1 0 0 0 -1 -1 1 0
84 CAST 0 -1 1 0 0 -1 -1 1 0
85 CAST 0 0 -1 1 0 -1 -1 1 0
78 OPPONENT_CAST 2 0 0 0 0 -1 -1 1 0
79 OPPONENT_CAST -1 1 0 0 0 -1 -1 1 0
80 OPPONENT_CAST 0 -1 1 0 0 -1 -1 1 0
81 OPPONENT_CAST 0 0 -1 1 0 -1 -1 1 0
1 0 2 1 18
3 0 0 0 0
13
76 BREW -1 -1 -3 -1 18 0 0 0 0
53 BREW 0 0 -4 0 12 0 0 0 0
69 BREW -2 -2 -2 0 13 0 0 0 0
74 BREW -3 -1 -1 -1 14 0 0 0 0
73 BREW -1 -1 -1 -1 12 0 0 0 0
82 CAST 2 0 0 0 0 -1 -1 1 0
83 CAST -1 1 0 0 0 -1 -1 0 0
84 CAST 0 -1 1 0 0 -1 -1 1 0
85 CAST 0 0 -1 1 0 -1 -1 1 0
78 OPPONENT_CAST 2 0 0 0 0 -1 -1 1 0
79 OPPONENT_CAST -1 1 0 0 0 -1 -1 1 0
80 OPPONENT_CAST 0 -1 1 0 0 -1 -1 1 0
81 OPPONENT_CAST 0 0 -1 1 0 -1 -1 1 0
0 1 2 1 18
3 0 0 0 0
13
76 BREW -1 -1 -3 -1 18 0 0 0 0
53 BREW 0 0 -4 0 12 0 0 0 0
69 BREW -2 -2 -2 0 13 0 0 0 0
74 BREW -3 -1 -1 -1 14 0 0 0 0
73 BREW -1 -1 -1 -1 12 0 0 0 0
82 CAST 2 0 0 0 0 -1 -1 1 0
83 CAST -1 1 0 0 0 -1 -1 0 0
84 CAST 0 -1 1 0 0 -1 -1 0 0
85 CAST 0 0 -1 1 0 -1 -1 1 0
78 OPPONENT_CAST 2 0 0 0 0 -1 -1 1 0
79 OPPONENT_CAST -1 1 0 0 0 -1 -1 1 0
80 OPPONENT_CAST 0 -1 1 0 0 -1 -1 1 0
81 OPPONENT_CAST 0 0 -1 1 0 -1 -1 1 0
0 0 3 1 18
3 0 0 0 0
13
76 BREW -1 -1 -3 -1 18 0 0 0 0
53 BREW 0 0 -4 0 12 0 0 0 0
69 BREW -2 -2 -2 0 13 0 0 0 0
74 BREW -3 -1 -1 -1 14 0 0 0 0
73 BREW -1 -1 -1 -1 12 0 0 0 0
82 CAST 2 0 0 0 0 -1 -1 0 0
83 CAST -1 1 0 0 0 -1 -1 0 0
84 CAST 0 -1 1 0 0 -1 -1 0 0
85 CAST 0 0 -1 1 0 -1 -1 1 0
78 OPPONENT_CAST 2 0 0 0 0 -1 -1 1 0
79 OPPONENT_CAST -1 1 0 0 0 -1 -1 1 0
80 OPPONENT_CAST 0 -1 1 0 0 -1 -1 1 0
81 OPPONENT_CAST 0 0 -1 1 0 -1 -1 1 0
2 0 3 1 18
3 0 0 0 0
13
76 BREW -1 -1 -3 -1 18 0 0 0 0
53 BREW 0 0 -4 0 12 0 0 0 0
69 BREW -2 -2 -2 0 13 0 0 0 0
74 BREW -3 -1 -1 -1 14 0 0 0 0
73 BREW -1 -1 -1 -1 12 0 0 0 0
82 CAST 2 0 0 0 0 -1 -1 1 0
83 CAST -1 1 0 0 0 -1 -1 1 0
84 CAST 0 -1 1 0 0 -1 -1 1 0
85 CAST 0 0 -1 1 0 -1 -1 1 0
78 OPPONENT_CAST 2 0 0 0 0 -1 -1 1 0
79 OPPONENT_CAST -1 1 0 0 0 -1 -1 1 0
80 OPPONENT_CAST 0 -1 1 0 0 -1 -1 1 0
81 OPPONENT_CAST 0 0 -1 1 0 -1 -1 1 0
2 0 3 1 18
3 0 0 0 0
13
76 BREW -1 -1 -3 -1 18 0 0 0 0
53 BREW 0 0 -4 0 12 0 0 0 0
69 BREW -2 -2 -2 0 13 0 0 0 0
74 BREW -3 -1 -1 -1 14 0 0 0 0
73 BREW -1 -1 -1 -1 12 0 0 0 0
82 CAST 2 0 0 0 0 -1 -1 1 0
83 CAST -1 1 0 0 0 -1 -1 0 0
84 CAST 0 -1 1 0 0 -1 -1 1 0
85 CAST 0 0 -1 1 0 -1 -1 1 0
78 OPPONENT_CAST 2 0 0 0 0 -1 -1 1 0
79 OPPONENT_CAST -1 1 0 0 0 -1 -1 1 0
80 OPPONENT_CAST 0 -1 1 0 0 -1 -1 1 0
81 OPPONENT_CAST 0 0 -1 1 0 -1 -1 1 0
1 1 3 1 18
3 0 0 0 0
13
53 BREW 0 0 -4 0 12 0 0 0 0
69 BREW -2 -2 -2 0 13 0 0 0 0
74 BREW -3 -1 -1 -1 14 0 0 0 0
73 BREW -1 -1 -1 -1 12 0 0 0 0
71 BREW -2 0 -2 -2 17 0 0 0 0
82 CAST 2 0 0 0 0 -1 -1 1 0
83 CAST -1 1 0 0 0 -1 -1 0 0
84 CAST 0 -1 1 0 0 -1 -1 1 0
85 CAST 0 0 -1 1 0 -1 -1 1 0
78 OPPONENT_CAST 2 0 0 0 0 -1 -1 1 0
79 OPPONENT_CAST -1 1 0 0 0 -1 -1 1 0
80 OPPONENT_CAST 0 -1 1 0 0 -1 -1 1 0
81 OPPONENT_CAST 0 0 -1 1 0 -1 -1 1 0
0 0 0 0 36
3 0 0 0 0
13
53 BREW 0 0 -4 0 12 0 0 0 0
69 BREW -2 -2 -2 0 13 0 0 0 0
74 BREW -3 -1 -1 -1 14 0 0 0 0
73 BREW -1 -1 -1 -1 12 0 0 0 0
71 BREW -2 0 -2 -2 17 0 0 0 0
82 CAST 2 0 0 0 0 -1 -1 0 0
83 CAST -1 1 0 0 0 -1 -1 0 0
84 CAST 0 -1 1 0 0 -1 -1 1 0
85 CAST 0 0 -1 1 0 -1 -1 1 0
78 OPPONENT_CAST 2 0 0 0 0 -1 -1 1 0
79 OPPONENT_CAST -1 1 0 0 0 -1 -1 1 0
80 OPPONENT_CAST 0 -1 1 0 0 -1 -1 1 0
81 OPPONENT_CAST 0 0 -1 1 0 -1 -1 1 0
2 0 0 0 36
3 0 0 0 0
13
53 BREW 0 0 -4 0 12 0 0 0 0
69 BREW -2 -2 -2 0 13 0 0 0 0
74 BREW -3 -1 -1 -1 14 0 0 0 0
73 BREW -1 -1 -1 -1 12 0 0 0 0
71 BREW -2 0 -2 -2 17 0 0 0 0
82 CAST 2 0 0 0 0 -1 -1 1 0
83 CAST -1 1 0 0 0 -1 -1 1 0
84 CAST 0 -1 1 0 0 -1 -1 1 0
85 CAST 0 0 -1 1 0 -1 -1 1 0
78 OPPONENT_CAST 2 0 0 0 0 -1 -1 1 0
79 OPPONENT_CAST -1 1 0 0 0 -1 -1 1 0
80 OPPONENT_CAST 0 -1 1 0 0 -1 -1 1 0
81 OPPONENT_CAST 0 0 -1 1 0 -1 -1 1 0
2 0 0 0 36
3 0 0 0 0
13
53 BREW 0 0 -4 0 12 0 0 0 0
69 BREW -2 -2 -2 0 13 0 0 0 0
74 BREW -3 -1 -1 -1 14 0 0 0 0
73 BREW -1 -1 -1 -1 12 0 0 0 0
71 BREW -2 0 -2 -2 17 0 0 0 0
82 CAST 2 0 0 0 0 -1 -1 1 0
83 CAST -1 1 0 0 0 -1 -1 0 0
84 CAST 0 -1 1 0 0 -1 -1 1 0
85 CAST 0 0 -1 1 0 -1 -1 1 0
78 OPPONENT_CAST 2 0 0 0 0 -1 -1 1 0
79 OPPONENT_CAST -1 1 0 0 0 -1 -1 1 0
80 OPPONENT_CAST 0 -1 1 0 0 -1 -1 1 0
81 OPPONENT_CAST 0 0 -1 1 0 -1 -1 1 0
1 1 0 0 36
3 0 0 0 0
13
53 BREW 0 0 -4 0 12 0 0 0 0
69 BREW -2 -2 -2 0 13 0 0 0 0
74 BREW -3 -1 -1 -1 14 0 0 0 0
73 BREW -1 -1 -1 -1 12 0 0 0 0
71 BREW -2 0 -2 -2 17 0 0 0 0
82 CAST 2 0 0 0 0 -1 -1 1 0
83 CAST -1 1 0 0 0 -1 -1 0 0
84 CAST 0 -1 1 0 0 -1 -1 0 0
85 CAST 0 0 -1 1 0 -1 -1 1 0
78 OPPONENT_CAST 2 0 0 0 0 -1 -1 1 0
79 OPPONENT_CAST -1 1 0 0 0 -1 -1 1 0
80 OPPONENT_CAST 0 -1 1 0 0 -1 -1 1 0
81 OPPONENT_CAST 0 0 -1 1 0 -1 -1 1 0
1 0 1 0 36
3 0 0 0 0
13
53 BREW 0 0 -4 0 12 0 0 0 0
69 BREW -2 -2 -2 0 13 0 0 0 0
74 BREW -3 -1 -1 -1 14 0 0 0 0
73 BREW -1 -1 -1 -1 12 0 0 0 0
71 BREW -2 0 -2 -2 17 0 0 0 0
82 CAST 2 0 0 0 0 -1 -1 1 0
83 CAST -1 1 0 0 0 -1 -1 1 0
84 CAST 0 -1 1 0 0 -1 -1 1 0
85 CAST 0 0 -1 1 0 -1 -1 1 0
78 OPPONENT_CAST 2 0 0 0 0 -1 -1 1 0
79 OPPONENT_CAST -1 1 0 0 0 -1 -1 1 0
80 OPPONENT_CAST 0 -1 1 0 0 -1 -1 1 0
81 OPPONENT_CAST 0 0 -1 1 0 -1 -1 1 0
1 0 1 0 36
3 0 0 0 0
13
53 BREW 0 0 -4 0 12 0 0 0 0
69 BREW -2 -2 -2 0 13 0 0 0 0
74 BREW -3 -1 -1 -1 14 0 0 0 0
73 BREW -1 -1 -1 -1 12 0 0 0 0
71 BREW -2 0 -2 -2 17 0 0 0 0
82 CAST 2 0 0 0 0 -1 -1 1 0
83 CAST -1 1 0 0 0 -1 -1 0 0
84 CAST 0 -1 1 0 0 -1 -1 1 0
85 CAST 0 0 -1 1 0 -1 -1 1 0
78 OPPONENT_CAST 2 0 0 0 0 -1 -1 1 0
79 OPPONENT_CAST -1 1 0 0 0 -1 -1 1 0
80 OPPONENT_CAST 0 -1 1 0 0 -1 -1 1 0
81 OPPONENT_CAST 0 0 -1 1 0 -1 -1 1 0
0 1 1 0 36
3 0 0 0 0
13
53 BREW 0 0 -4 0 12 0 0 0 0
69 BREW -2 -2 -2 0 13 0 0 0 0
74 BREW -3 -1 -1 -1 14 0 0 0 0
73 BREW -1 -1 -1 -1 12 0 0 0 0
71 BREW -2 0 -2 -2 17 0 0 0 0
82 CAST 2 0 0 0 0 -1 -1 1 0
83 CAST -1 1 0 0 0 -1 -1 0 0
84 CAST 0 -1 1 0 0 -1 -1 0 0
85 CAST 0 0 -1 1 0 -1 -1 1 0
78 OPPONENT_CAST 2 0 0 0 0 -1 -1 1 0
79 OPPONENT_CAST -1 1 0 0 0 -1 -1 1 0
80 OPPONENT_CAST 0 -1 1 0 0 -1 -1 1 0
81 OPPONENT_CAST 0 0 -1 1 0 -1 -1 1 0
0 0 2 0 36
3 0 0 0 0
13
53 BREW 0 0 -4 0 12 0 0 0 0
69 BREW -2 -2 -2 0 13 0 0 0 0
74 BREW -3 -1 -1 -1 14 0 0 0 0
73 BREW -1 -1 -1 -1 12 0 0 0 0
71 BREW -2 0 -2 -2 17 0 0 0 0
82 CAST 2 0 0 0 0 -1 -1 0 0
83 CAST -1 1 0 0 0 -1 -1 0 0
84 CAST 0 -1 1 0 0 -1 -1 0 0
85 CAST 0 0 -1 1 0 -1 -1 1 0
78 OPPONENT_CAST 2 0 0 0 0 -1 -1 1 0
79 OPPONENT_CAST -1 1 0 0 0 -1 -1 1 0
80 OPPONENT_CAST 0 -1 1 0 0 -1 -1 1 0
81 OPPONENT_CAST 0 0 -1 1 0 -1 -1 1 0
2 0 2 0 36
3 0 0 0 0
13
53 BREW 0 0 -4 0 12 0 0 0 0
69 BREW -2 -2 -2 0 13 0 0 0 0
74 BREW -3 -1 -1 -1 14 0 0 0 0
73 BREW -1 -1 -1 -1 12 0 0 0 0
71 BREW -2 0 -2 -2 17 0 0 0 0
82 CAST 2 0 0 0 0 -1 -1 1 0
83 CAST -1 1 0 0 0 -1 -1 1 0
84 CAST 0 -1 1 0 0 -1 -1 1 0
85 CAST 0 0 -1 1 0 -1 -1 1 0
78 OPPONENT_CAST 2 0 0 0 0 -1 -1 1 0
79 OPPONENT_CAST -1 1 0 0 0 -1 -1 1 0
80 OPPONENT_CAST 0 -1 1 0 0 -1 -1 1 0
81 OPPONENT_CAST 0 0 -1 1 0 -1 -1 1 0
2 0 2 0 36
3 0 0 0 0
13
53 BREW 0 0 -4 0 12 0 0 0 0
69 BREW -2 -2 -2 0 13 0 0 0 0
74 BREW -3 -1 -1 -1 14 0 0 0 0
73 BREW -1 -1 -1 -1 12 0 0 0 0
71 BREW -2 0 -2 -2 17 0 0 0 0
82 CAST 2 0 0 0 0 -1 -1 1 0
83 CAST -1 1 0 0 0 -1 -1 0 0
84 CAST 0 -1 1 0 0 -1 -1 1 0
85 CAST 0 0 -1 1 0 -1 -1 1 0
78 OPPONENT_CAST 2 0 0 0 0 -1 -1 1 0
79 OPPONENT_CAST -1 1 0 0 0 -1 -1 1 0
80 OPPONENT_CAST 0 -1 1 0 0 -1 -1 1 0
81 OPPONENT_CAST 0 0 -1 1 0 -1 -1 1 0
1 1 2 0 36
3 0 0 0 0
13
53 BREW 0 0 -4 0 12 0 0 0 0
69 BREW -2 -2 -2 0 13 0 0 0 0
74 BREW -3 -1 -1 -1 14 0 0 0 0
73 BREW -1 -1 -1 -1 12 0 0 0 0
71 BREW -2 0 -2 -2 17 0 0 0 0
82 CAST 2 0 0 0 0 -1 -1 1 0
83 CAST -1 1 0 0 0 -1 -1 0 0
84 CAST 0 -1 1 0 0 -1 -1 0 0
85 CAST 0 0 -1 1 0 -1 -1 1 0
78 OPPONENT_CAST 2 0 0 0 0 -1 -1 1 0
79 OPPONENT_CAST -1 1 0 0 0 -1 -1 1 0
80 OPPONENT_CAST 0 -1 1 0 0 -1 -1 1 0
81 OPPONENT_CAST 0 0 -1 1 0 -1 -1 1 0
1 0 3 0 36
3 0 0 0 0
13
53 BREW 0 0 -4 0 12 0 0 0 0
69 BREW -2 -2 -2 0 13 0 0 0 0
74 BREW -3 -1 -1 -1 14 0 0 0 0
73 BREW -1 -1 -1 -1 12 0 0 0 0
71 BREW -2 0 -2 -2 17 0 0 0 0
82 CAST 2 0 0 0 0 -1 -1 1 0
83 CAST -1 1 0 0 0 -1 -1 1 0
84 CAST 0 -1 1 0 0 -1 -1 1 0
85 CAST 0 0 -1 1 0 -1 -1 1 0
78 OPPONENT_CAST 2 0 0 0 0 -1 -1 1 0
79 OPPONENT_CAST -1 1 0 0 0 -1 -1 1 0
80 OPPONENT_CAST 0 -1 1 0 0 -1 -1 1 0
81 OPPONENT_CAST 0 0 -1 1 0 -1 -1 1 0
1 0 3 0 36
3 0 0 0 0
13
53 BREW 0 0 -4 0 12 0 0 0 0
69 BREW -2 -2 -2 0 13 0 0 0 0
74 BREW -3 -1 -1 -1 14 0 0 0 0
73 BREW -1 -1 -1 -1 12 0 0 0 0
71 BREW -2 0 -2 -2 17 0 0 0 0
82 CAST 2 0 0 0 0 -1 -1 1 0
83 CAST -1 1 0 0 0 -1 -1 0 0
84 CAST 0 -1 1 0 0 -1 -1 1 0
85 CAST 0 0 -1 1 0 -1 -1 1 0
78 OPPONENT_CAST 2 0 0 0 0 -1 -1 1 0
79 OPPONENT_CAST -1 1 0 0 0 -1 -1 1 0
80 OPPONENT_CAST 0 -1 1 0 0 -1 -1 1 0
81 OPPONENT_CAST 0 0 -1 1 0 -1 -1 1 0
0 1 3 0 36
3 0 0 0 0
13
53 BREW 0 0 -4 0 12 0 0 0 0
69 BREW -2 -2 -2 0 13 0 0 0 0
74 BREW -3 -1 -1 -1 14 0 0 0 0
73 BREW -1 -1 -1 -1 12 0 0 0 0
71 BREW -2 0 -2 -2 17 0 0 0 0
82 CAST 2 0 0 0 0 -1 -1 1 0
83 CAST -1 1 0 0 0 -1 -1 0 0
84 CAST 0 -1 1 0 0 -1 -1 0 0
85 CAST 0 0 -1 1 0 -1 -1 1 0
78 OPPONENT_CAST 2 0 0 0 0 -1 -1 1 0
79 OPPONENT_CAST -1 1 0 0 0 -1 -1 1 0
80 OPPONENT_CAST 0 -1 1 0 0 -1 -1 1 0
81 OPPONENT_CAST 0 0 -1 1 0 -1 -1 1 0
0 0 4 0 36
3 0 0 0 0