13
56 BREW 0 -2 -3 0 13 0 0 0 0
71 BREW -2 0 -2 -2 17 0 0 0 0
60 BREW 0 0 -5 0 15 0 0 0 0
77 BREW -1 -1 -1 -3 20 0 0 0 0
70 BREW -2 -2 0 -2 15 0 0 0 0
78 CAST 2 0 0 0 0 -1 -1 1 0
79 CAST -1 1 0 0 0 -1 -1 1 0
80 CAST 0 -1 1 0 0 -1 -1 1 0
81 CAST 0 0 -1 1 0 -1 -1 1 0
82 OPPONENT_CAST 2 0 0 0 0 -1 -1 1 0
83 OPPONENT_CAST -1 1 0 0 0 -1 -1 1 0
84 OPPONENT_CAST 0 -1 1 0 0 -1 -1 1 0
85 OPPONENT_CAST 0 0 -1 1 0 -1 -1 1 0
3 0 0 0 0
3 0 0 0 0
13
56 BREW 0 -2 -3 0 13 0 0 0 0
71 BREW -2 0 -2 -2 17 0 0 0 0
60 BREW 0 0 -5 0 15 0 0 0 0
77 BREW -1 -1 -1 -3 20 0 0 0 0
70 BREW -2 -2 0 -2 15 0 0 0 0
78 CAST 2 0 0 0 0 -1 -1 1 0
79 CAST -1 1 0 0 0 -1 -1 0 0
80 CAST 0 -1 1 0 0 -1 -1 1 0
81 CAST 0 0 -1 1 0 -1 -1 1 0
82 OPPONENT_CAST 2 0 0 0 0 -1 -1 1 0
83 OPPONENT_CAST -1 1 0 0 0 -1 -1 0 0
84 OPPONENT_CAST 0 -1 1 0 0 -1 -1 1 0
85 OPPONENT_CAST 0 0 -1 1 0 -1 -1 1 0
2 1 0 0 0
2 1 0 0 0