19
49 BREW 0 -5 0 0 13 3 4 0 0
69 BREW -2 -2 -2 0 14 1 4 0 0
48 BREW 0 -2 -2 0 10 0 0 0 0
64 BREW 0 0 -2 -3 18 0 0 0 0
63 BREW 0 0 -3 -2 17 0 0 0 0
15 LEARN 0 2 0 0 0 0 0 0 0
28 LEARN 4 1 -1 0 0 1 0 0 1
24 LEARN 0 3 0 -1 0 2 0 0 1
19 LEARN 0 2 -1 0 0 3 0 0 1
29 LEARN -5 0 0 2 0 4 0 0 1
1 LEARN 3 -1 0 0 0 5 0 0 1
78 CAST 2 0 0 0 0 -1 -1 1 0
79 CAST -1 1 0 0 0 -1 -1 1 0
80 CAST 0 -1 1 0 0 -1 -1 1 0
81 CAST 0 0 -1 1 0 -1 -1 1 0
82 OPPONENT_CAST 2 0 0 0 0 -1 -1 1 0
83 OPPONENT_CAST -1 1 0 0 0 -1 -1 1 0
84 OPPONENT_CAST 0 -1 1 0 0 -1 -1 1 0
85 OPPONENT_CAST 0 0 -1 1 0 -1 -1 1 0
3 0 0 0 0
3 0 0 0 0
20
49 BREW 0 -5 0 0 13 3 4 0 0
69 BREW -2 -2 -2 0 14 1 4 0 0
48 BREW 0 -2 -2 0 10 0 0 0 0
64 BREW 0 0 -2 -3 18 0 0 0 0
63 BREW 0 0 -3 -2 17 0 0 0 0
28 LEARN 4 1 -1 0 0 0 0 0 1
24 LEARN 0 3 0 -1 0 1 0 0 1
19 LEARN 0 2 -1 0 0 2 0 0 1
29 LEARN -5 0 0 2 0 3 0 0 1
1 LEARN 3 -1 0 0 0 4 0 0 1
33 LEARN -5 0 3 0 0 5 0 0 1
78 CAST 2 0 0 0 0 -1 -1 1 0
79 CAST -1 1 0 0 0 -1 -1 1 0
80 CAST 0 -1 1 0 0 -1 -1 1 0
81 CAST 0 0 -1 1 0 -1 -1 1 0
86 CAST 0 2 0 0 0 -1 -1 1 0
82 OPPONENT_CAST 2 0 0 0 0 -1 -1 1 0
83 OPPONENT_CAST -1 1 0 0 0 -1 -1 0 0
84 OPPONENT_CAST 0 -1 1 0 0 -1 -1 1 0
85 OPPONENT_CAST 0 0 -1 1 0 -1 -1 1 0
3 0 0 0 0
2 1 0 0 0
21
49 BREW 0 -5 0 0 13 3 4 0 0
69 BREW -2 -2 -2 0 14 1 4 0 0
48 BREW 0 -2 -2 0 10 0 0 0 0
64 BREW 0 0 -2 -3 18 0 0 0 0
63 BREW 0 0 -3 -2 17 0 0 0 0
24 LEARN 0 3 0 -1 0 0 0 0 1
19 LEARN 0 2 -1 0 0 1 0 0 1
29 LEARN -5 0 0 2 0 2 0 0 1
1 LEARN 3 -1 0 0 0 3 0 0 1
33 LEARN -5 0 3 0 0 4 0 0 1
3 LEARN 0 0 1 0 0 5 0 0 0
78 CAST 2 0 0 0 0 -1 -1 1 0
79 CAST -1 1 0 0 0 -1 -1 1 0
80 CAST 0 -1 1 0 0 -1 -1 1 0
81 CAST 0 0 -1 1 0 -1 -1 1 0
86 CAST 0 2 0 0 0 -1 -1 1 0
87 CAST 4 1 -1 0 0 -1 -1 1 1
82 OPPONENT_CAST 2 0 0 0 0 -1 -1 1 0
83 OPPONENT_CAST -1 1 0 0 0 -1 -1 1 0
84 OPPONENT_CAST 0 -1 1 0 0 -1 -1 1 0
85 OPPONENT_CAST 0 0 -1 1 0 -1 -1 1 0
3 0 0 0 0
2 1 0 0 0
22
49 BREW 0 -5 0 0 13 3 4 0 0
69 BREW -2 -2 -2 0 14 1 4 0 0
48 BREW 0 -2 -2 0 10 0 0 0 0
64 BREW 0 0 -2 -3 18 0 0 0 0
63 BREW 0 0 -3 -2 17 0 0 0 0
19 LEARN 0 2 -1 0 0 0 0 0 1
29 LEARN -5 0 0 2 0 1 0 0 1
1 LEARN 3 -1 0 0 0 2 0 0 1
33 LEARN -5 0 3 0 0 3 0 0 1
3 LEARN 0 0 1 0 0 4 0 0 0
30 LEARN -4 0 1 1 0 5 0 0 1
78 CAST 2 0 0 0 0 -1 -1 1 0
79 CAST -1 1 0 0 0 -1 -1 1 0
80 CAST 0 -1 1 0 0 -1 -1 1 0
81 CAST 0 0 -1 1 0 -1 -1 1 0
86 CAST 0 2 0 0 0 -1 -1 1 0
87 CAST 4 1 -1 0 0 -1 -1 1 1
88 CAST 0 3 0 -1 0 -1 -1 1 1
82 OPPONENT_CAST 2 0 0 0 0 -1 -1 1 0
83 OPPONENT_CAST -1 1 0 0 0 -1 -1 0 0
84 OPPONENT_CAST 0 -1 1 0 0 -1 -1 1 0
85 OPPONENT_CAST 0 0 -1 1 0 -1 -1 1 0
3 0 0 0 0
1 2 0 0 0
23
49 BREW 0 -5 0 0 13 3 4 0 0
69 BREW -2 -2 -2 0 14 1 4 0 0
48 BREW 0 -2 -2 0 10 0 0 0 0
64 BREW 0 0 -2 -3 18 0 0 0 0
63 BREW 0 0 -3 -2 17 0 0 0 0
29 LEARN -5 0 0 2 0 0 0 0 1
1 LEARN 3 -1 0 0 0 1 0 0 1
33 LEARN -5 0 3 0 0 2 0 0 1
3 LEARN 0 0 1 0 0 3 0 0 0
30 LEARN -4 0 1 1 0 4 0 0 1
17 LEARN -2 0 1 0 0 5 0 0 1
78 CAST 2 0 0 0 0 -1 -1 1 0
79 CAST -1 1 0 0 0 -1 -1 1 0
80 CAST 0 -1 1 0 0 -1 -1 1 0
81 CAST 0 0 -1 1 0 -1 -1 1 0
86 CAST 0 2 0 0 0 -1 -1 1 0
87 CAST 4 1 -1 0 0 -1 -1 1 1
88 CAST 0 3 0 -1 0 -1 -1 1 1
89 CAST 0 2 -1 0 0 -1 -1 1 1
82 OPPONENT_CAST 2 0 0 0 0 -1 -1 1 0
83 OPPONENT_CAST -1 1 0 0 0 -1 -1 0 0
84 OPPONENT_CAST 0 -1 1 0 0 -1 -1 0 0
85 OPPONENT_CAST 0 0 -1 1 0 -1 -1 1 0
3 0 0 0 0
1 1 1 0 0
24
49 BREW 0 -5 0 0 13 3 4 0 0
69 BREW -2 -2 -2 0 14 1 4 0 0
48 BREW 0 -2 -2 0 10 0 0 0 0
64 BREW 0 0 -2 -3 18 0 0 0 0
63 BREW 0 0 -3 -2 17 0 0 0 0
1 LEARN 3 -1 0 0 0 0 0 0 1
33 LEARN -5 0 3 0 0 1 0 0 1
3 LEARN 0 0 1 0 0 2 0 0 0
30 LEARN -4 0 1 1 0 3 0 0 1
17 LEARN -2 0 1 0 0 4 0 0 1
34 LEARN -2 0 -1 2 0 5 0 0 1
78 CAST 2 0 0 0 0 -1 -1 1 0
79 CAST -1 1 0 0 0 -1 -1 1 0
80 CAST 0 -1 1 0 0 -1 -1 1 0
81 CAST 0 0 -1 1 0 -1 -1 1 0
86 CAST 0 2 0 0 0 -1 -1 1 0
87 CAST 4 1 -1 0 0 -1 -1 1 1
88 CAST 0 3 0 -1 0 -1 -1 1 1
89 CAST 0 2 -1 0 0 -1 -1 1 1
90 CAST -5 0 0 2 0 -1 -1 1 1
82 OPPONENT_CAST 2 0 0 0 0 -1 -1 1 0
83 OPPONENT_CAST -1 1 0 0 0 -1 -1 1 0
84 OPPONENT_CAST 0 -1 1 0 0 -1 -1 1 0
85 OPPONENT_CAST 0 0 -1 1 0 -1 -1 1 0
3 0 0 0 0
1 1 1 0 0
24
49 BREW 0 -5 0 0 13 3 4 0 0
69 BREW -2 -2 -2 0 14 1 4 0 0
48 BREW 0 -2 -2 0 10 0 0 0 0
64 BREW 0 0 -2 -3 18 0 0 0 0
63 BREW 0 0 -3 -2 17 0 0 0 0
1 LEARN 3 -1 0 0 0 0 0 0 1
33 LEARN -5 0 3 0 0 1 0 0 1
3 LEARN 0 0 1 0 0 2 0 0 0
30 LEARN -4 0 1 1 0 3 0 0 1
17 LEARN -2 0 1 0 0 4 0 0 1
34 LEARN -2 0 -1 2 0 5 0 0 1
78 CAST 2 0 0 0 0 -1 -1 1 0
79 CAST -1 1 0 0 0 -1 -1 1 0
80 CAST 0 -1 1 0 0 -1 -1 1 0
81 CAST 0 0 -1 1 0 -1 -1 1 0
86 CAST 0 2 0 0 0 -1 -1 0 0
87 CAST 4 1 -1 0 0 -1 -1 1 1
88 CAST 0 3 0 -1 0 -1 -1 1 1
89 CAST 0 2 -1 0 0 -1 -1 1 1
90 CAST -5 0 0 2 0 -1 -1 1 1
82 OPPONENT_CAST 2 0 0 0 0 -1 -1 1 0
83 OPPONENT_CAST -1 1 0 0 0 -1 -1 0 0
84 OPPONENT_CAST 0 -1 1 0 0 -1 -1 1 0
85 OPPONENT_CAST 0 0 -1 1 0 -1 -1 1 0
3 2 0 0 0
0 2 1 0 0